30 9004 3 0 0.0 10.420999527 0.0 
30 9005 3 0 0.0 10.4060001373 0.0 
30 9006 3 0 0.0 10.3879995346 0.0 
30 9007 3 0 0.0 10.3710002899 0.0 
30 9008 3 0 0.0 10.3529996872 0.0 
30 9009 3 0 0.0 10.3350000381 0.0 
30 9010 3 0 0.0 10.3140001297 0.0 
30 9011 3 0 0.0 10.2939996719 0.0 
30 9012 3 0 0.0 10.2760000229 0.0 
30 9013 3 0 0.0 10.2559995651 0.0 
30 9014 3 0 0.0 10.2379999161 0.0 
30 9015 3 0 0.0 10.220000267 0.0 
30 9016 3 0 0.0 10.2030000687 0.0 
30 9017 3 0 0.0 10.1850004196 0.0 
30 9018 3 0 0.0 10.1689996719 0.0 
30 9019 3 0 0.0 10.1529998779 0.0 
30 9020 3 0 0.0 10.1350002289 0.0 
30 9021 3 0 0.0 10.1190004349 0.0 
30 9022 3 0 0.0 10.1029996872 0.0 
30 9023 3 0 0.0 10.0869998932 0.0 
30 9024 3 0 0.0 10.0699996948 0.0 
30 9025 3 0 0.0 10.0539999008 0.0 
30 9026 3 0 0.0 10.0389995575 0.0 
30 9027 3 0 0.0 10.0229997635 0.0 
30 9028 3 0 0.0 10.0069999695 0.0 
30 9029 3 0 0.0 9.99100017548 0.0 
30 9030 3 0 0.0 9.97599983215 0.0 
30 9031 3 0 0.0 9.96000003815 0.0 
30 9032 3 0 0.0 9.94400024414 0.0 
30 9033 3 0 0.0 9.92800045013 0.0 
30 9034 3 0 0.0 9.91300010681 0.0 
30 9035 3 0 0.0 9.89799976349 0.0 
30 9036 3 0 0.0 9.88300037384 0.0 
30 9037 3 0 0.0 9.86900043488 0.0 
30 9038 3 0 0.0 9.85400009155 0.0 
30 9039 3 0 0.0 9.84099960327 0.0 
30 9040 3 0 0.0 9.82800006866 0.0 
30 9041 3 0 0.0 9.8140001297 0.0 
30 9042 3 0 0.0 9.80200004578 0.0 
30 9043 3 0 0.0 9.79100036621 0.0 
30 9044 3 0 0.0 9.77900028229 0.0 
30 9045 3 0 0.0 9.76599979401 0.0 
30 9046 3 0 0.0 9.76099967957 0.0 
30 9047 3 0 0.0 9.75100040436 0.0 
30 9048 3 0 0.0 9.73700046539 0.0 
30 9049 3 0 0.0 9.71800041199 0.0 
30 9050 3 0 0.0 9.69499969482 0.0 
30 9051 3 0 0.0 9.67199993134 0.0 
30 9052 3 0 0.0 9.64999961853 0.0 
30 9053 3 0 0.0 9.62699985504 0.0 
30 9054 3 0 0.0 9.60599994659 0.0 
30 9055 3 0 0.0 9.58699989319 0.0 
30 9056 3 0 0.0 9.56799983978 0.0 
30 9057 3 0 0.0 9.55000019073 0.0 
30 9058 3 0 0.0 9.53299999237 0.0 
30 9059 3 0 0.0 9.51700019836 0.0 
30 9060 3 0 0.0 9.50100040436 0.0 
30 9061 3 0 0.0 9.48400020599 0.0 
30 9062 3 0 0.0 9.46899986267 0.0 
30 9063 3 0 0.0 9.45400047302 0.0 
30 9064 3 0 0.0 9.4390001297 0.0 
30 9065 3 0 0.0 9.42500019073 0.0 
30 9066 3 0 0.0 9.41199970245 0.0 
30 9067 3 0 0.0 9.39900016785 0.0 
30 9068 3 0 0.0 9.38700008392 0.0 
30 9069 3 0 0.0 9.375 0.0 
30 9070 3 0 0.0 9.36200046539 0.0 
30 9071 3 0 0.0 9.35099983215 0.0 
30 9072 3 0 0.0 9.33899974823 0.0 
30 9073 3 0 0.0 9.32699966431 0.0 
30 9074 3 0 0.0 9.31499958038 0.0 
30 9075 3 0 0.0 9.30300045013 0.0 
30 9076 3 0 0.0 9.28999996185 0.0 
30 9077 3 0 0.0 9.27799987793 0.0 
30 9078 3 0 0.0 9.26500034332 0.0 
30 9079 3 0 0.0 9.25199985504 0.0 
30 9080 3 0 0.0 9.23799991608 0.0 
30 9081 3 0 0.0 9.22599983215 0.0 
30 9082 3 0 0.0 9.21500015259 0.0 
30 9083 3 0 0.0 9.20300006866 0.0 
30 9084 3 0 0.0 9.1890001297 0.0 
30 9085 3 0 0.0 9.17300033569 0.0 
30 9086 3 0 0.0 9.15699958801 0.0 
30 9087 3 0 0.0 9.14000034332 0.0 
30 9088 3 0 0.0 9.125 0.0 
30 9089 3 0 0.0 9.10999965668 0.0 
30 9090 3 0 0.0 9.09500026703 0.0 
30 9091 3 0 0.0 9.07900047302 0.0 
30 9092 3 0 0.0 9.0640001297 0.0 
30 9093 3 0 0.0 9.04800033569 0.0 
30 9094 3 0 0.0 9.03299999237 0.0 
30 9095 3 0 0.0 9.01799964905 0.0 
30 9096 3 0 0.0 8.98900032043 0.0 
30 9097 3 0 0.0 8.97000026703 0.0 
30 9098 3 0 0.0 8.94999980927 0.0 
30 9099 3 0 0.0 8.9329996109 0.0 
30 9100 3 0 0.0 8.9139995575 0.0 
30 9101 3 0 0.0 8.89299964905 0.0 
30 9102 3 0 0.0 8.86900043488 0.0 
30 9103 3 0 0.0 8.84300041199 0.0 
30 9104 3 0 0.0 8.8170003891 0.0 
30 9105 3 0 0.0 8.79100036621 0.0 
30 9106 3 0 0.0 8.76200008392 0.0 
30 9107 3 0 0.0 8.73499965668 0.0 
30 9108 3 0 0.0 8.71000003815 0.0 
30 9109 3 0 0.0 8.68500041962 0.0 
30 9110 3 0 0.0 8.66100025177 0.0 
30 9111 3 0 0.0 8.63700008392 0.0 
30 9112 3 0 0.0 8.61400032043 0.0 
30 9113 3 0 0.0 8.59099960327 0.0 
30 9114 3 0 0.0 8.5670003891 0.0 
30 9115 3 0 0.0 8.54399967194 0.0 
30 9116 3 0 0.0 8.52200031281 0.0 
30 9117 3 0 0.0 8.50100040436 0.0 
30 9118 3 0 0.0 8.48600006104 0.0 
30 9119 3 0 0.0 8.47200012207 0.0 
30 9120 3 0 0.0 8.45699977875 0.0 
30 9121 3 0 0.0 8.4390001297 0.0 
30 9122 3 0 0.0 8.42099952698 0.0 
30 9123 3 0 0.0 8.40400028229 0.0 
30 9124 3 0 0.0 8.38799953461 0.0 
30 9125 3 0 0.0 8.3719997406 0.0 
30 9126 3 0 0.0 8.35599994659 0.0 
30 9127 3 0 0.0 8.33899974823 0.0 
30 9128 3 0 0.0 8.32199954987 0.0 
30 9129 3 0 0.0 8.30399990082 0.0 
30 9130 3 0 0.0 8.28699970245 0.0 
30 9131 3 0 0.0 8.27099990845 0.0 
30 9132 3 0 0.0 8.25399971008 0.0 
30 9133 3 0 0.0 8.23799991608 0.0 
30 9134 3 0 0.0 8.22500038147 0.0 
30 9135 3 0 0.0 8.21000003815 0.0 
30 9136 3 0 0.0 8.19699954987 0.0 
30 9137 3 0 0.0 8.1829996109 0.0 
30 9138 3 0 0.0 8.16899967194 0.0 
30 9139 3 0 0.0 8.15499973297 0.0 
30 9140 3 0 0.0 8.14099979401 0.0 
30 9141 3 0 0.0 8.12699985504 0.0 
30 9142 3 0 0.0 8.11299991608 0.0 
30 9143 3 0 0.0 8.10000038147 0.0 
30 9144 3 0 0.0 8.0860004425 0.0 
30 9145 3 0 0.0 8.07199954987 0.0 
30 9146 3 0 0.0 8.0579996109 0.0 
30 9147 3 0 0.0 8.04399967194 0.0 
30 9148 3 0 0.0 8.03100013733 0.0 
30 9149 3 0 0.0 8.01900005341 0.0 
30 9150 3 0 0.0 8.00500011444 0.0 
30 9151 3 0 0.0 7.992000103 0.0 
30 9152 3 0 0.0 7.97900009155 0.0 
30 9153 3 0 0.0 7.96400022507 0.0 
30 9154 3 0 0.0 7.94899988174 0.0 
30 9155 3 0 0.0 7.93400001526 0.0 
30 9156 3 0 0.0 7.91599988937 0.0 
30 9157 3 0 0.0 7.89699983597 0.0 
30 9158 3 0 0.0 7.87900018692 0.0 
30 9159 3 0 0.0 7.86000013351 0.0 
30 9160 3 0 0.0 7.84299993515 0.0 
30 9161 3 0 0.0 7.82600021362 0.0 
30 9162 3 0 0.0 7.8109998703 0.0 
30 9163 3 0 0.0 7.79600000381 0.0 
30 9164 3 0 0.0 7.78299999237 0.0 
30 9165 3 0 0.0 7.76999998093 0.0 
30 9166 3 0 0.0 7.757999897 0.0 
30 9167 3 0 0.0 7.74399995804 0.0 
30 9168 3 0 0.0 7.73099994659 0.0 
30 9169 3 0 0.0 7.71799993515 0.0 
30 9170 3 0 0.0 7.70499992371 0.0 
30 9171 3 0 0.0 7.69099998474 0.0 
30 9172 3 0 0.0 7.6779999733 0.0 
30 9173 3 0 0.0 7.66499996185 0.0 
30 9174 3 0 0.0 7.65199995041 0.0 
30 9175 3 0 0.0 7.63999986649 0.0 
30 9176 3 0 0.0 7.62699985504 0.0 
30 9177 3 0 0.0 7.61499977112 0.0 
30 9178 3 0 0.0 7.60500001907 0.0 
30 9179 3 0 0.0 7.59299993515 0.0 
30 9180 3 0 0.0 7.57999992371 0.0 
30 9181 3 0 0.0 7.56500005722 0.0 
30 9182 3 0 0.0 7.54899978638 0.0 
30 9183 3 0 0.0 7.53200006485 0.0 
30 9184 3 0 0.0 7.51700019836 0.0 
30 9185 3 0 0.0 7.50199985504 0.0 
30 9186 3 0 0.0 7.48600006104 0.0 
30 9187 3 0 0.0 7.46999979019 0.0 
30 9188 3 0 0.0 7.45399999619 0.0 
30 9189 3 0 0.0 7.4390001297 0.0 
30 9190 3 0 0.0 7.42199993134 0.0 
30 9191 3 0 0.0 7.40399980545 0.0 
30 9192 3 0 0.0 7.382999897 0.0 
30 9193 3 0 0.0 7.36299991608 0.0 
30 9194 3 0 0.0 7.34399986267 0.0 
30 9195 3 0 0.0 7.31199979782 0.0 
30 9196 3 0 0.0 7.29799985886 0.0 
30 9197 3 0 0.0 7.28299999237 0.0 
30 9198 3 0 0.0 7.26900005341 0.0 
30 9199 3 0 0.0 7.25600004196 0.0 
30 9200 3 0 0.0 7.242000103 0.0 
30 9201 3 0 0.0 7.22900009155 0.0 
30 9202 3 0 0.0 7.21400022507 0.0 
30 9203 3 0 0.0 7.19899988174 0.0 
30 9204 3 0 0.0 7.18499994278 0.0 
30 9205 3 0 0.0 7.17199993134 0.0 
30 9206 3 0 0.0 7.15799999237 0.0 
30 9207 3 0 0.0 7.14799976349 0.0 
30 9208 3 0 0.0 7.13700008392 0.0 
30 9209 3 0 0.0 7.125 0.0 
30 9210 3 0 0.0 7.11299991608 0.0 
30 9211 3 0 0.0 7.10099983215 0.0 
30 9212 3 0 0.0 7.08799982071 0.0 
30 9213 3 0 0.0 7.07399988174 0.0 
30 9214 3 0 0.0 7.05999994278 0.0 
30 9215 3 0 0.0 7.04500007629 0.0 
30 9216 3 0 0.0 7.03000020981 0.0 
30 9217 3 0 0.0 7.01399993896 0.0 
30 9218 3 0 0.0 6.99800014496 0.0 
30 9220 3 0 0.0 6.98099994659 0.0 
30 9221 3 0 0.0 6.96500015259 0.0 
30 9222 3 0 0.0 6.94899988174 0.0 
30 9223 3 0 0.0 6.91800022125 0.0 
30 9225 3 0 0.0 6.90299987793 0.0 
30 9226 3 0 0.0 6.88700008392 0.0 
30 9227 3 0 0.0 6.87300014496 0.0 
30 9228 3 0 0.0 6.85799980164 0.0 
30 9229 3 0 0.0 6.84399986267 0.0 
30 9230 3 0 0.0 6.82999992371 0.0 
30 9231 3 0 0.0 6.8140001297 0.0 
30 9232 3 0 0.0 6.79899978638 0.0 
30 9233 3 0 0.0 6.78299999237 0.0 
30 9234 3 0 0.0 6.76599979401 0.0 
30 9235 3 0 0.0 6.74900007248 0.0 
30 9236 3 0 0.0 6.73199987411 0.0 
30 9237 3 0 0.0 6.71400022507 0.0 
30 9238 3 0 0.0 6.69500017166 0.0 
30 9239 3 0 0.0 6.67700004578 0.0 
30 9240 3 0 0.0 6.65899991989 0.0 
30 9241 3 0 0.0 6.63999986649 0.0 
30 9242 3 0 0.0 6.62300014496 0.0 
30 9243 3 0 0.0 6.60599994659 0.0 
30 9244 3 0 0.0 6.58900022507 0.0 
30 9245 3 0 0.0 6.57299995422 0.0 
30 9246 3 0 0.0 6.5560002327 0.0 
30 9247 3 0 0.0 6.53999996185 0.0 
30 9248 3 0 0.0 6.52400016785 0.0 
30 9249 3 0 0.0 6.50899982452 0.0 
30 9250 3 0 0.0 6.492000103 0.0 
30 9251 3 0 0.0 6.47700023651 0.0 
30 9252 3 0 0.0 6.46099996567 0.0 
30 9253 3 0 0.0 6.44500017166 0.0 
30 9254 3 0 0.0 6.42899990082 0.0 
30 9255 3 0 0.0 6.41300010681 0.0 
30 9256 3 0 0.0 6.39699983597 0.0 
30 9257 3 0 0.0 6.38000011444 0.0 
30 9258 3 0 0.0 6.36499977112 0.0 
30 9259 3 0 0.0 6.34800004959 0.0 
30 9260 3 0 0.0 6.33099985123 0.0 
30 9261 3 0 0.0 6.3140001297 0.0 
30 9262 3 0 0.0 6.29600000381 0.0 
30 9263 3 0 0.0 6.27899980545 0.0 
30 9264 3 0 0.0 6.26200008392 0.0 
30 9265 3 0 0.0 6.24499988556 0.0 
30 9266 3 0 0.0 6.22700023651 0.0 
30 9267 3 0 0.0 6.20900011063 0.0 
30 9268 3 0 0.0 6.19199991226 0.0 
30 9269 3 0 0.0 6.17399978638 0.0 
30 9270 3 0 0.0 6.15700006485 0.0 
30 9271 3 0 0.0 6.13899993896 0.0 
30 9272 3 0 0.0 6.12200021744 0.0 
30 9273 3 0 0.0 6.10400009155 0.0 
30 9274 3 0 0.0 6.08699989319 0.0 
30 9275 3 0 0.0 6.07299995422 0.0 
30 9276 3 0 0.0 6.0560002327 0.0 
30 9277 3 0 0.0 6.04099988937 0.0 
30 9278 3 0 0.0 6.02799987793 0.0 
30 9279 3 0 0.0 6.01399993896 0.0 
30 9280 3 0 0.0 5.99900007248 0.0 
30 9281 3 0 0.0 5.98400020599 0.0 
30 9282 3 0 0.0 5.96999979019 0.0 
30 9283 3 0 0.0 5.95599985123 0.0 
30 9284 3 0 0.0 5.94199991226 0.0 
30 9285 3 0 0.0 5.9279999733 0.0 
30 9286 3 0 0.0 5.91400003433 0.0 
30 9287 3 0 0.0 5.90000009537 0.0 
30 9288 3 0 0.0 5.88500022888 0.0 
30 9289 3 0 0.0 5.87099981308 0.0 
30 9290 3 0 0.0 5.85699987411 0.0 
30 9291 3 0 0.0 5.84200000763 0.0 
30 9292 3 0 0.0 5.82700014114 0.0 
30 9293 3 0 0.0 5.81199979782 0.0 
30 9294 3 0 0.0 5.79699993134 0.0 
30 9295 3 0 0.0 5.78200006485 0.0 
30 9296 3 0 0.0 5.76700019836 0.0 
30 9297 3 0 0.0 5.75199985504 0.0 
30 9298 3 0 0.0 5.73699998856 0.0 
30 9299 3 0 0.0 5.72200012207 0.0 
30 9300 3 0 0.0 5.70499992371 0.0 
30 9301 3 0 0.0 5.68800020218 0.0 
30 9302 3 0 0.0 5.67100000381 0.0 
30 9303 3 0 0.0 5.65299987793 0.0 
30 9304 3 0 0.0 5.6360001564 0.0 
30 9305 3 0 0.0 5.61999988556 0.0 
30 9306 3 0 0.0 5.60500001907 0.0 
30 9307 3 0 0.0 5.59000015259 0.0 
30 9308 3 0 0.0 5.57499980927 0.0 
30 9309 3 0 0.0 5.55800008774 0.0 
30 9310 3 0 0.0 5.54099988937 0.0 
30 9311 3 0 0.0 5.52400016785 0.0 
30 9312 3 0 0.0 5.50500011444 0.0 
30 9313 3 0 0.0 5.48699998856 0.0 
30 9317 3 0 0.0 5.45200014114 0.0 
30 9318 3 0 0.0 5.4390001297 0.0 
30 9319 3 0 0.0 5.42600011826 0.0 
30 9320 3 0 0.0 5.41200017929 0.0 
30 9321 3 0 0.0 5.39499998093 0.0 
30 9322 3 0 0.0 5.37900018692 0.0 
30 9323 3 0 0.0 5.36199998856 0.0 
30 9324 3 0 0.0 5.34499979019 0.0 
30 9325 3 0 0.0 5.32800006866 0.0 
30 9326 3 0 0.0 5.30800008774 0.0 
30 9327 3 0 0.0 5.28800010681 0.0 
30 9328 3 0 0.0 5.26999998093 0.0 
30 9329 3 0 0.0 5.25199985504 0.0 
30 9330 3 0 0.0 5.23400020599 0.0 
30 9331 3 0 0.0 5.21700000763 0.0 
30 9332 3 0 0.0 5.19899988174 0.0 
30 9333 3 0 0.0 5.18300008774 0.0 
30 9334 3 0 0.0 5.16599988937 0.0 
30 9335 3 0 0.0 5.15000009537 0.0 
30 9336 3 0 0.0 5.13199996948 0.0 
30 9337 3 0 0.0 5.11600017548 0.0 
30 9338 3 0 0.0 5.09999990463 0.0 
30 9339 3 0 0.0 5.08199977875 0.0 
30 9340 3 0 0.0 5.06500005722 0.0 
30 9341 3 0 0.0 5.04799985886 0.0 
30 9342 3 0 0.0 5.03000020981 0.0 
30 9343 3 0 0.0 5.0110001564 0.0 
30 9344 3 0 0.0 4.992000103 0.0 
30 9345 3 0 0.0 4.97399997711 0.0 
30 9346 3 0 0.0 4.95499992371 0.0 
30 9347 3 0 0.0 4.93499994278 0.0 
30 9348 3 0 0.0 4.91599988937 0.0 
30 9349 3 0 0.0 4.89699983597 0.0 
30 9350 3 0 0.0 4.87699985504 0.0 
30 9351 3 0 0.0 4.85900020599 0.0 
30 9352 3 0 0.0 4.84100008011 0.0 
30 9353 3 0 0.0 4.8220000267 0.0 
30 9354 3 0 0.0 4.80399990082 0.0 
30 9355 3 0 0.0 4.78599977493 0.0 
30 9356 3 0 0.0 4.75299978256 0.0 
30 9357 3 0 0.0 4.73099994659 0.0 
30 9358 3 0 0.0 4.70699977875 0.0 
30 9359 3 0 0.0 4.68300008774 0.0 
30 9360 3 0 0.0 4.65899991989 0.0 
30 9361 3 0 0.0 4.6360001564 0.0 
30 9362 3 0 0.0 4.61199998856 0.0 
30 9363 3 0 0.0 4.58799982071 0.0 
30 9364 3 0 0.0 4.56500005722 0.0 
30 9365 3 0 0.0 4.54099988937 0.0 
30 9366 3 0 0.0 4.51700019836 0.0 
30 9367 3 0 0.0 4.49300003052 0.0 
30 9368 3 0 0.0 4.46999979019 0.0 
30 9369 3 0 0.0 4.4470000267 0.0 
30 9370 3 0 0.0 4.42500019073 0.0 
30 9371 3 0 0.0 4.40100002289 0.0 
30 9372 3 0 0.0 4.37699985504 0.0 
30 9373 3 0 0.0 4.35400009155 0.0 
30 9374 3 0 0.0 4.32999992371 0.0 
30 9375 3 0 0.0 4.3060002327 0.0 
30 9376 3 0 0.0 4.28100013733 0.0 
30 9377 3 0 0.0 4.25699996948 0.0 
30 9378 3 0 0.0 4.23299980164 0.0 
30 9379 3 0 0.0 4.21000003815 0.0 
30 9380 3 0 0.0 4.18800020218 0.0 
30 9381 3 0 0.0 4.16699981689 0.0 
30 9382 3 0 0.0 4.14499998093 0.0 
30 9383 3 0 0.0 4.12400007248 0.0 
30 9384 3 0 0.0 4.10400009155 0.0 
30 9385 3 0 0.0 4.08400011063 0.0 
30 9386 3 0 0.0 4.06500005722 0.0 
30 9387 3 0 0.0 4.04600000381 0.0 
30 9388 3 0 0.0 4.02699995041 0.0 
30 9389 3 0 0.0 4.007999897 0.0 
30 9390 3 0 0.0 3.9849998951 0.0 
30 9391 3 0 0.0 3.96399998665 0.0 
30 9392 3 0 0.0 3.9430000782 0.0 
30 9393 3 0 0.0 3.92100000381 0.0 
30 9394 3 0 0.0 3.89800000191 0.0 
30 9395 3 0 0.0 3.87599992752 0.0 
30 9396 3 0 0.0 3.85199999809 0.0 
30 9397 3 0 0.0 3.82899999619 0.0 
30 9398 3 0 0.0 3.80399990082 0.0 
30 9399 3 0 0.0 3.78099989891 0.0 
30 9400 3 0 0.0 3.75900006294 0.0 
30 9401 3 0 0.0 3.74000000954 0.0 
30 9402 3 0 0.0 3.72099995613 0.0 
30 9403 3 0 0.0 3.70000004768 0.0 
30 9404 3 0 0.0 3.6779999733 0.0 
30 9405 3 0 0.0 3.65300011635 0.0 
30 9406 3 0 0.0 3.62199997902 0.0 
30 9407 3 0 0.0 3.59200000763 0.0 
30 9408 3 0 0.0 3.56399989128 0.0 
30 9409 3 0 0.0 3.53699994087 0.0 
30 9410 3 0 0.0 3.50999999046 0.0 
30 9411 3 0 0.0 3.49099993706 0.0 
30 9412 3 0 0.0 3.47199988365 0.0 
30 9413 3 0 0.0 3.4509999752 0.0 
30 9414 3 0 0.0 3.42899990082 0.0 
30 9415 3 0 0.0 3.40499997139 0.0 
30 9416 3 0 0.0 3.3789999485 0.0 
30 9417 3 0 0.0 3.35299992561 0.0 
30 9418 3 0 0.0 3.32699990273 0.0 
30 9419 3 0 0.0 3.30200004578 0.0 
30 9420 3 0 0.0 3.27500009537 0.0 
30 9421 3 0 0.0 3.24900007248 0.0 
30 9422 3 0 0.0 3.22399997711 0.0 
30 9423 3 0 0.0 3.19799995422 0.0 
30 9424 3 0 0.0 3.1740000248 0.0 
30 9425 3 0 0.0 3.14899992943 0.0 
30 9519 3 0 0.0 2.81500005722 0.0 
30 9520 3 0 0.0 2.85899996758 0.0 
30 9521 3 0 0.0 2.90199995041 0.0 
30 9522 3 0 0.0 2.94000005722 0.0 
30 9523 3 0 0.0 2.97600007057 0.0 
30 9524 3 0 0.0 3.00900006294 0.0 
30 9525 3 0 0.0 3.03600001335 0.0 
30 9526 3 0 0.0 3.06100010872 0.0 
30 9527 3 0 0.0 3.08699989319 0.0 
30 9528 3 0 0.0 3.11299991608 0.0 
30 9529 3 0 0.0 3.13899993896 0.0 
30 9530 3 0 0.0 3.16899991035 0.0 
30 9531 3 0 0.0 3.19499993324 0.0 
30 9532 3 0 0.0 3.22300004959 0.0 
30 9533 3 0 0.0 3.24900007248 0.0 
30 9534 3 0 0.0 3.27500009537 0.0 
30 9535 3 0 0.0 3.29800009727 0.0 
30 9536 3 0 0.0 3.32100009918 0.0 
30 9537 3 0 0.0 3.34299993515 0.0 
30 9538 3 0 0.0 3.36500000954 0.0 
30 9539 3 0 0.0 3.38800001144 0.0 
30 9540 3 0 0.0 3.41100001335 0.0 
30 9541 3 0 0.0 3.43300008774 0.0 
30 9542 3 0 0.0 3.45300006866 0.0 
30 9543 3 0 0.0 3.47399997711 0.0 
30 9544 3 0 0.0 3.49300003052 0.0 
30 9545 3 0 0.0 3.507999897 0.0 
30 9546 3 0 0.0 3.52300000191 0.0 
30 9547 3 0 0.0 3.53900003433 0.0 
30 9548 3 0 0.0 3.55500006676 0.0 
30 9549 3 0 0.0 3.5720000267 0.0 
30 9550 3 0 0.0 3.59299993515 0.0 
30 9551 3 0 0.0 3.61299991608 0.0 
30 9552 3 0 0.0 3.63199996948 0.0 
30 9553 3 0 0.0 3.65100002289 0.0 
30 9554 3 0 0.0 3.67000007629 0.0 
30 9555 3 0 0.0 3.68799996376 0.0 
30 9556 3 0 0.0 3.70600008965 0.0 
30 9557 3 0 0.0 3.72300004959 0.0 
30 9558 3 0 0.0 3.74099993706 0.0 
30 9559 3 0 0.0 3.757999897 0.0 
30 9560 3 0 0.0 3.77399992943 0.0 
30 9561 3 0 0.0 3.78999996185 0.0 
30 9562 3 0 0.0 3.8069999218 0.0 
30 9563 3 0 0.0 3.8220000267 0.0 
30 9564 3 0 0.0 3.83699989319 0.0 
30 9580 3 0 0.0 4.04699993134 0.0 
30 9581 3 0 0.0 4.06599998474 0.0 
30 9582 3 0 0.0 4.08799982071 0.0 
30 9583 3 0 0.0 4.1139998436 0.0 
30 9584 3 0 0.0 4.13000011444 0.0 
30 9585 3 0 0.0 4.14900016785 0.0 
30 9586 3 0 0.0 4.16900014877 0.0 
30 9587 3 0 0.0 4.19000005722 0.0 
30 9588 3 0 0.0 4.21000003815 0.0 
30 9589 3 0 0.0 4.22700023651 0.0 
30 9590 3 0 0.0 4.24700021744 0.0 
30 9591 3 0 0.0 4.27099990845 0.0 
30 9592 3 0 0.0 4.29799985886 0.0 
30 9593 3 0 0.0 4.32399988174 0.0 
30 9594 3 0 0.0 4.34800004959 0.0 
30 9595 3 0 0.0 4.37099981308 0.0 
30 9596 3 0 0.0 4.38700008392 0.0 
30 9597 3 0 0.0 4.40399980545 0.0 
30 9598 3 0 0.0 4.42199993134 0.0 
30 9599 3 0 0.0 4.44199991226 0.0 
30 9600 3 0 0.0 4.46099996567 0.0 
30 9601 3 0 0.0 4.48000001907 0.0 
30 9602 3 0 0.0 4.50099992752 0.0 
30 9603 3 0 0.0 4.52199983597 0.0 
30 9604 3 0 0.0 4.54099988937 0.0 
30 9605 3 0 0.0 4.55900001526 0.0 
30 9606 3 0 0.0 4.57800006866 0.0 
30 9607 3 0 0.0 4.59600019455 0.0 
30 9608 3 0 0.0 4.61199998856 0.0 
30 9609 3 0 0.0 4.62900018692 0.0 
30 9610 3 0 0.0 4.71000003815 0.0 
30 9611 3 0 0.0 4.72499990463 0.0 
30 9612 3 0 0.0 4.68800020218 0.0 
30 9613 3 0 0.0 4.70599985123 0.0 
30 9614 3 0 0.0 4.72300004959 0.0 
30 9615 3 0 0.0 4.73999977112 0.0 
30 9616 3 0 0.0 4.79400014877 0.0 
30 9617 3 0 0.0 4.80399990082 0.0 
30 9618 3 0 0.0 4.81599998474 0.0 
30 9619 3 0 0.0 4.82800006866 0.0 
30 9620 3 0 0.0 4.84100008011 0.0 
30 9621 3 0 0.0 4.85400009155 0.0 
30 9622 3 0 0.0 4.86999988556 0.0 
30 9623 3 0 0.0 4.882999897 0.0 
30 9624 3 0 0.0 4.89499998093 0.0 
30 9625 3 0 0.0 4.90700006485 0.0 
30 9626 3 0 0.0 4.92199993134 0.0 
30 9627 3 0 0.0 4.93499994278 0.0 
30 9628 3 0 0.0 4.94799995422 0.0 
30 9629 3 0 0.0 4.96000003815 0.0 
30 9630 3 0 0.0 4.97300004959 0.0 
30 9631 3 0 0.0 4.98699998856 0.0 
30 9632 3 0 0.0 5.00099992752 0.0 
30 9633 3 0 0.0 5.01499986649 0.0 
30 9634 3 0 0.0 5.03000020981 0.0 
30 9635 3 0 0.0 5.04400014877 0.0 
30 9636 3 0 0.0 5.05900001526 0.0 
30 9637 3 0 0.0 5.07499980927 0.0 
30 9638 3 0 0.0 5.09100008011 0.0 
30 9639 3 0 0.0 5.10500001907 0.0 
30 9640 3 0 0.0 5.12099981308 0.0 
30 9641 3 0 0.0 5.13899993896 0.0 
30 9642 3 0 0.0 5.15600013733 0.0 
30 9643 3 0 0.0 5.17100000381 0.0 
30 9644 3 0 0.0 5.1859998703 0.0 
30 9645 3 0 0.0 5.20300006866 0.0 
30 9646 3 0 0.0 5.21899986267 0.0 
30 9647 3 0 0.0 5.23500013351 0.0 
30 9648 3 0 0.0 5.25099992752 0.0 
30 9649 3 0 0.0 5.26900005341 0.0 
30 9650 3 0 0.0 5.28499984741 0.0 
30 9651 3 0 0.0 5.30100011826 0.0 
30 9652 3 0 0.0 5.31699991226 0.0 
30 9653 3 0 0.0 5.33300018311 0.0 
30 9654 3 0 0.0 5.34800004959 0.0 
30 9655 3 0 0.0 5.3639998436 0.0 
30 9656 3 0 0.0 5.38199996948 0.0 
30 9657 3 0 0.0 5.39900016785 0.0 
30 9658 3 0 0.0 5.41300010681 0.0 
30 9659 3 0 0.0 5.42700004578 0.0 
30 9660 3 0 0.0 5.44299983978 0.0 
30 9661 3 0 0.0 5.46000003815 0.0 
30 9662 3 0 0.0 5.47700023651 0.0 
30 9663 3 0 0.0 5.49499988556 0.0 
30 9664 3 0 0.0 5.5110001564 0.0 
30 9665 3 0 0.0 5.52799987793 0.0 
30 9666 3 0 0.0 5.54199981689 0.0 
30 9667 3 0 0.0 5.5529999733 0.0 
30 9668 3 0 0.0 5.56599998474 0.0 
30 9669 3 0 0.0 5.58099985123 0.0 
30 9670 3 0 0.0 5.59499979019 0.0 
30 9671 3 0 0.0 5.61000013351 0.0 
30 9672 3 0 0.0 5.62300014496 0.0 
30 9673 3 0 0.0 5.63399982452 0.0 
30 9674 3 0 0.0 5.64599990845 0.0 
30 9675 3 0 0.0 5.65799999237 0.0 
30 9676 3 0 0.0 5.66900014877 0.0 
30 9677 3 0 0.0 5.6779999733 0.0 
30 9678 3 0 0.0 5.68800020218 0.0 
30 9679 3 0 0.0 5.70100021362 0.0 
30 9680 3 0 0.0 5.71299982071 0.0 
30 9681 3 0 0.0 5.72100019455 0.0 
30 9682 3 0 0.0 5.73699998856 0.0 
30 9683 3 0 0.0 5.75299978256 0.0 
30 9684 3 0 0.0 5.76800012589 0.0 
30 9685 3 0 0.0 5.78399991989 0.0 
30 9686 3 0 0.0 5.79799985886 0.0 
30 9687 3 0 0.0 5.80999994278 0.0 
30 9689 3 0 0.0 5.82000017166 0.0 
30 9690 3 0 0.0 5.82999992371 0.0 
30 9691 3 0 0.0 5.85200023651 0.0 
30 9692 3 0 0.0 5.86899995804 0.0 
30 9693 3 0 0.0 5.88500022888 0.0 
30 9694 3 0 0.0 5.90199995041 0.0 
30 9695 3 0 0.0 5.91900014877 0.0 
30 9696 3 0 0.0 5.93800020218 0.0 
30 9698 3 0 0.0 5.95800018311 0.0 
30 9699 3 0 0.0 5.97700023651 0.0 
30 9700 3 0 0.0 5.99599981308 0.0 
30 9701 3 0 0.0 6.01399993896 0.0 
30 9702 3 0 0.0 6.03000020981 0.0 
30 9703 3 0 0.0 6.0609998703 0.0 
30 9704 3 0 0.0 6.07399988174 0.0 
30 9705 3 0 0.0 6.08500003815 0.0 
30 9706 3 0 0.0 6.09800004959 0.0 
30 9707 3 0 0.0 6.11299991608 0.0 
30 9708 3 0 0.0 6.12699985504 0.0 
30 9709 3 0 0.0 6.13800001144 0.0 
30 9710 3 0 0.0 6.14799976349 0.0 
30 9711 3 0 0.0 6.15700006485 0.0 
30 9712 3 0 0.0 6.16300010681 0.0 
30 9713 3 0 0.0 6.16599988937 0.0 
30 9714 3 0 0.0 6.17700004578 0.0 
30 9715 3 0 0.0 6.17999982834 0.0 
30 9716 3 0 0.0 6.17399978638 0.0 
30 9717 3 0 0.0 6.18499994278 0.0 
30 9718 3 0 0.0 6.1890001297 0.0 
30 9719 3 0 0.0 6.18499994278 0.0 
30 9720 3 0 0.0 6.1970000267 0.0 
30 9721 3 0 0.0 6.19899988174 0.0 
30 9722 3 0 0.0 6.19199991226 0.0 
30 9723 3 0 0.0 6.20300006866 0.0 
30 9724 3 0 0.0 6.21299982071 0.0 
30 9725 3 0 0.0 6.22100019455 0.0 
30 9726 3 0 0.0 6.22700023651 0.0 
30 9727 3 0 0.0 6.23500013351 0.0 
30 9728 3 0 0.0 6.24100017548 0.0 
30 9729 3 0 0.0 6.24800014496 0.0 
30 9730 3 0 0.0 6.26700019836 0.0 
30 9731 3 0 0.0 6.27799987793 0.0 
30 9732 3 0 0.0 6.27899980545 0.0 
30 9733 3 0 0.0 6.27199983597 0.0 
30 9734 3 0 0.0 6.27199983597 0.0 
30 9735 3 0 0.0 6.27299976349 0.0 
30 9736 3 0 0.0 6.27600002289 0.0 
30 9737 3 0 0.0 6.28599977493 0.0 
30 9738 3 0 0.0 6.29500007629 0.0 
30 9739 3 0 0.0 6.30399990082 0.0 
30 9740 3 0 0.0 6.30900001526 0.0 
30 9741 3 0 0.0 6.31699991226 0.0 
30 9742 3 0 0.0 6.32999992371 0.0 
30 9743 3 0 0.0 6.34399986267 0.0 
30 9744 3 0 0.0 6.35699987411 0.0 
30 9745 3 0 0.0 6.37200021744 0.0 
30 9746 3 0 0.0 6.38999986649 0.0 
30 9747 3 0 0.0 6.40700006485 0.0 
30 9748 3 0 0.0 6.42199993134 0.0 
30 9749 3 0 0.0 6.44099998474 0.0 
30 9750 3 0 0.0 6.46099996567 0.0 
30 9751 3 0 0.0 6.48600006104 0.0 
30 9752 3 0 0.0 6.51000022888 0.0 
30 9753 3 0 0.0 6.53200006485 0.0 
30 9754 3 0 0.0 6.55700016022 0.0 
30 9755 3 0 0.0 6.58300018311 0.0 
30 9756 3 0 0.0 6.60799980164 0.0 
30 9757 3 0 0.0 6.62699985504 0.0 
30 9758 3 0 0.0 6.65399980545 0.0 
30 9759 3 0 0.0 6.69299983978 0.0 
30 9760 3 0 0.0 6.72599983215 0.0 
30 9761 3 0 0.0 6.75199985504 0.0 
30 9762 3 0 0.0 6.77899980545 0.0 
30 9763 3 0 0.0 6.81199979782 0.0 
30 9764 3 0 0.0 6.83900022507 0.0 
30 9765 3 0 0.0 6.85300016403 0.0 
30 9766 3 0 0.0 6.87200021744 0.0 
30 9767 3 0 0.0 6.89400005341 0.0 
30 9768 3 0 0.0 6.92199993134 0.0 
30 9769 3 0 0.0 6.95100021362 0.0 
30 9770 3 0 0.0 6.97800016403 0.0 
30 9771 3 0 0.0 7.00299978256 0.0 
30 9772 3 0 0.0 7.02400016785 0.0 
30 9773 3 0 0.0 7.04699993134 0.0 
30 9774 3 0 0.0 7.0720000267 0.0 
30 9775 3 0 0.0 7.10099983215 0.0 
30 9776 3 0 0.0 7.12400007248 0.0 
30 9777 3 0 0.0 7.14300012589 0.0 
30 9778 3 0 0.0 7.16300010681 0.0 
30 9779 3 0 0.0 7.18400001526 0.0 
30 9780 3 0 0.0 7.20399999619 0.0 
30 9781 3 0 0.0 7.22700023651 0.0 
30 9782 3 0 0.0 7.24800014496 0.0 
30 9783 3 0 0.0 7.26900005341 0.0 
30 9784 3 0 0.0 7.29300022125 0.0 
30 9785 3 0 0.0 7.32000017166 0.0 
30 9786 3 0 0.0 7.33199977875 0.0 
30 9787 3 0 0.0 7.34800004959 0.0 
30 9788 3 0 0.0 7.36600017548 0.0 
30 9789 3 0 0.0 7.38899993896 0.0 
30 9790 3 0 0.0 7.41200017929 0.0 
30 9791 3 0 0.0 7.43400001526 0.0 
30 9792 3 0 0.0 7.45499992371 0.0 
30 9793 3 0 0.0 7.47300004959 0.0 
30 9794 3 0 0.0 7.48999977112 0.0 
30 9795 3 0 0.0 7.507999897 0.0 
30 9796 3 0 0.0 7.52600002289 0.0 
30 9797 3 0 0.0 7.54600000381 0.0 
30 9798 3 0 0.0 7.5689997673 0.0 
30 9799 3 0 0.0 7.59499979019 0.0 
30 9800 3 0 0.0 7.61899995804 0.0 
30 9801 3 0 0.0 7.63800001144 0.0 
30 9802 3 0 0.0 7.65899991989 0.0 
30 9803 3 0 0.0 7.68200016022 0.0 
30 9804 3 0 0.0 7.71000003815 0.0 
30 9805 3 0 0.0 7.73400020599 0.0 
30 9806 3 0 0.0 7.75699996948 0.0 
30 9807 3 0 0.0 7.77600002289 0.0 
30 9808 3 0 0.0 7.79400014877 0.0 
30 9809 3 0 0.0 7.80900001526 0.0 
30 9810 3 0 0.0 7.82399988174 0.0 
30 9811 3 0 0.0 7.84000015259 0.0 
30 9812 3 0 0.0 7.85500001907 0.0 
30 9813 3 0 0.0 7.87200021744 0.0 
30 9814 3 0 0.0 7.88999986649 0.0 
30 9815 3 0 0.0 7.90999984741 0.0 
30 9816 3 0 0.0 7.92999982834 0.0 
30 9817 3 0 0.0 7.94799995422 0.0 
30 9818 3 0 0.0 7.96500015259 0.0 
30 9819 3 0 0.0 7.98199987411 0.0 
30 9820 3 0 0.0 8.0 0.0 
30 9821 3 0 0.0 8.01700019836 0.0 
30 9822 3 0 0.0 8.03299999237 0.0 
30 9823 3 0 0.0 8.04699993134 0.0 
30 9824 3 0 0.0 8.0609998703 0.0 
30 9825 3 0 0.0 8.07699966431 0.0 
30 9826 3 0 0.0 8.09399986267 0.0 
30 9827 3 0 0.0 8.10900020599 0.0 
30 9828 3 0 0.0 8.1219997406 0.0 
30 9829 3 0 0.0 8.13300037384 0.0 
30 9830 3 0 0.0 8.14500045776 0.0 
30 9831 3 0 0.0 8.15499973297 0.0 
