9002 20.9169998169 0.0 0.00600000005215 
9003 21.0160007477 0.0 0.00600000005215 
9004 21.1159992218 0.0 0.00600000005215 
9005 21.2159996033 0.0 0.00600000005215 
9006 21.3150005341 0.0 0.00600000005215 
9007 21.4150009155 0.0 0.00600000005215 
9008 21.513999939 0.0 0.00600000005215 
9009 21.6140003204 0.0 0.00600000005215 
9010 21.7140007019 0.0 0.00600000005215 
9011 21.8129997253 0.0 0.00600000005215 
9012 21.9130001068 0.0 0.00600000005215 
9013 22.0119991302 0.0 0.00600000005215 
9014 22.1119995117 0.0 0.00600000005215 
9015 22.2119998932 0.0 0.00600000005215 
9016 22.311000824 0.0 0.00600000005215 
9017 22.4109992981 0.0 0.00600000005215 
9018 22.5100002289 0.0 0.00600000005215 
9019 22.6100006104 0.0 0.00600000005215 
9020 22.7099990845 0.0 0.00600000005215 
9021 22.8090000153 0.0 0.00600000005215 
9022 22.9090003967 0.0 0.00600000005215 
9023 23.0079994202 0.0 0.00600000005215 
9024 23.1079998016 0.0 0.00600000005215 
9025 23.2080001831 0.0 0.00600000005215 
9026 23.3069992065 0.0 0.00600000005215 
9027 23.406999588 0.0 0.00600000005215 
9028 23.5060005188 0.0 0.00600000005215 
9029 23.6060009003 0.0 0.00600000005215 
9030 23.7059993744 0.0 0.00600000005215 
9031 23.8050003052 0.0 0.00600000005215 
9032 23.9050006866 0.0 0.00600000005215 
9033 24.0039997101 0.0 0.00600000005215 
9034 24.1040000916 0.0 0.00600000005215 
9035 24.204000473 0.0 0.00600000005215 
9036 24.3029994965 0.0 0.00600000005215 
9037 24.4029998779 0.0 0.00600000005215 
9038 24.5030002594 0.0 0.00600000005215 
9039 24.6019992828 0.0 0.00600000005215 
9040 24.7019996643 0.0 0.00600000005215 
9041 24.8010005951 0.0 0.00600000005215 
9042 24.9009990692 0.0 0.00600000005215 
9043 25.0009994507 0.0 0.00600000005215 
9044 25.1000003815 0.0 0.00600000005215 
9045 25.2000007629 0.0 0.00600000005215 
9046 25.2989997864 0.0 0.00600000005215 
9047 25.3990001678 0.0 0.00600000005215 
9048 25.4990005493 0.0 0.00600000005215 
9049 25.5979995728 0.0 0.00600000005215 
9050 25.6979999542 0.0 0.00600000005215 
9051 25.797000885 0.0 0.00600000005215 
9052 25.8969993591 0.0 0.00600000005215 
9053 25.9969997406 0.0 0.00600000005215 
9054 26.0960006714 0.0 0.00600000005215 
9055 26.1959991455 0.0 0.00600000005215 
9056 26.2950000763 0.0 0.00600000005215 
9057 26.3950004578 0.0 0.00600000005215 
9058 26.4950008392 0.0 0.00600000005215 
9059 26.5939998627 0.0 0.00600000005215 
9060 26.6940002441 0.0 0.00600000005215 
9061 26.7929992676 0.0 0.00600000005215 
9062 26.892999649 0.0 0.00600000005215 
9063 26.9930000305 0.0 0.00600000005215 
9064 27.091999054 0.0 0.00600000005215 
9065 27.1919994354 0.0 0.00600000005215 
9066 27.2910003662 0.0 0.00600000005215 
9067 27.3910007477 0.0 0.00600000005215 
9068 27.4909992218 0.0 0.00600000005215 
9069 27.5900001526 0.0 0.00600000005215 
9070 27.6900005341 0.0 0.00600000005215 
9071 27.7889995575 0.0 0.00600000005215 
9072 27.888999939 0.0 0.00600000005215 
9073 27.9890003204 0.0 0.00600000005215 
9074 28.0879993439 0.0 0.00600000005215 
9075 28.1879997253 0.0 0.00600000005215 
9076 28.2870006561 0.0 0.00600000005215 
9077 28.3869991302 0.0 0.00600000005215 
9078 28.4869995117 0.0 0.00600000005215 
9079 28.5860004425 0.0 0.00600000005215 
9080 28.686000824 0.0 0.00600000005215 
9081 28.7849998474 0.0 0.00600000005215 
9082 28.8850002289 0.0 0.00600000005215 
9083 28.9850006104 0.0 0.00600000005215 
9084 29.0839996338 0.0 0.00600000005215 
9085 29.1840000153 0.0 0.00600000005215 
9086 29.283000946 0.0 0.00600000005215 
9087 29.3829994202 0.0 0.00600000005215 
9088 29.4829998016 0.0 0.00600000005215 
9089 29.5820007324 0.0 0.00600000005215 
9090 29.6819992065 0.0 0.00600000005215 
9091 29.781999588 0.0 0.00600000005215 
9092 29.8810005188 0.0 0.00600000005215 
9093 29.9810009003 0.0 0.00600000005215 
9094 30.0799999237 0.0 0.00600000005215 
9095 30.1800003052 0.0 0.00600000005215 
9096 30.3789997101 0.0 0.00600000005215 
9097 30.577999115 0.0 0.00600000005215 
9098 30.6779994965 0.0 0.00600000005215 
9099 30.8770008087 0.0 0.00600000005215 
9100 30.9769992828 0.0 0.00600000005215 
9101 31.1760005951 0.0 0.00600000005215 
9102 31.2759990692 0.0 0.00600000005215 
9103 31.4750003815 0.0 0.00600000005215 
9104 31.5739994049 0.0 0.00600000005215 
9105 31.7740001678 0.0 0.00600000005215 
9106 31.8729991913 0.0 0.00600000005215 
9107 32.0719985962 0.0 0.00600000005215 
9108 32.172000885 0.0 0.00600000005215 
9109 32.3709983826 0.0 0.00600000005215 
9110 32.4710006714 0.0 0.00600000005215 
9111 32.6699981689 0.0 0.00600000005215 
9112 32.7700004578 0.0 0.00600000005215 
9113 32.96900177 0.0 0.00600000005215 
9114 33.0680007935 0.0 0.00600000005215 
9115 33.2680015564 0.0 0.00600000005215 
9116 33.3670005798 0.0 0.00600000005215 
9117 33.5660018921 0.0 0.00600000005215 
9118 33.6660003662 0.0 0.00600000005215 
9119 33.7659988403 0.0 0.00600000005215 
9120 33.8650016785 0.0 0.00600000005215 
9121 33.9650001526 0.0 0.00600000005215 
9122 34.063999176 0.0 0.00600000005215 
9123 34.1640014648 0.0 0.00600000005215 
9124 34.263999939 0.0 0.00600000005215 
9125 34.3629989624 0.0 0.00600000005215 
9126 34.4630012512 0.0 0.00600000005215 
9127 34.5620002747 0.0 0.00600000005215 
9128 34.6619987488 0.0 0.00600000005215 
9129 34.7620010376 0.0 0.00600000005215 
9130 34.861000061 0.0 0.00600000005215 
9131 34.9609985352 0.0 0.00600000005215 
9132 35.0600013733 0.0 0.00600000005215 
9133 35.1599998474 0.0 0.00600000005215 
9134 35.2599983215 0.0 0.00600000005215 
9135 35.3590011597 0.0 0.00600000005215 
9136 35.4589996338 0.0 0.00600000005215 
9137 35.5589981079 0.0 0.00600000005215 
9138 35.658000946 0.0 0.00600000005215 
9139 35.7579994202 0.0 0.00600000005215 
9140 35.8569984436 0.0 0.00600000005215 
9141 35.9570007324 0.0 0.00600000005215 
9142 36.0569992065 0.0 0.00600000005215 
9143 36.15599823 0.0 0.00600000005215 
9144 36.2560005188 0.0 0.00600000005215 
9145 36.3549995422 0.0 0.00600000005215 
9146 36.4550018311 0.0 0.00600000005215 
9147 36.5550003052 0.0 0.00600000005215 
9148 36.6539993286 0.0 0.00600000005215 
9149 36.7540016174 0.0 0.00600000005215 
9150 36.8530006409 0.0 0.00600000005215 
9151 36.952999115 0.0 0.00600000005215 
9152 37.0530014038 0.0 0.00600000005215 
9153 37.1520004272 0.0 0.00600000005215 
9154 37.2519989014 0.0 0.00600000005215 
9155 37.3510017395 0.0 0.00600000005215 
9156 37.4510002136 0.0 0.00600000005215 
9157 37.5509986877 0.0 0.00600000005215 
9158 37.6500015259 0.0 0.00600000005215 
9159 37.75 0.0 0.00600000005215 
9160 37.8489990234 0.0 0.00600000005215 
9161 37.9490013123 0.0 0.00600000005215 
9162 38.0489997864 0.0 0.00600000005215 
9163 38.1479988098 0.0 0.00600000005215 
9164 38.2480010986 0.0 0.00600000005215 
9165 38.3470001221 0.0 0.00600000005215 
9166 38.4469985962 0.0 0.00600000005215 
9167 38.547000885 0.0 0.00600000005215 
9168 38.6459999084 0.0 0.00600000005215 
9169 38.7459983826 0.0 0.00600000005215 
9170 38.8450012207 0.0 0.00600000005215 
9171 38.9449996948 0.0 0.00600000005215 
9172 39.0449981689 0.0 0.00600000005215 
9173 39.1440010071 0.0 0.00600000005215 
9174 39.2439994812 0.0 0.00600000005215 
9175 39.3429985046 0.0 0.00600000005215 
9176 39.4430007935 0.0 0.00600000005215 
9177 39.5429992676 0.0 0.00600000005215 
9178 39.641998291 0.0 0.00600000005215 
9179 39.7420005798 0.0 0.00600000005215 
9180 39.8409996033 0.0 0.00600000005215 
9181 39.9410018921 0.0 0.00600000005215 
9182 40.0410003662 0.0 0.00600000005215 
9183 40.1399993896 0.0 0.00600000005215 
9184 40.2400016785 0.0 0.00600000005215 
9185 40.3390007019 0.0 0.00600000005215 
9186 40.438999176 0.0 0.00600000005215 
9187 40.5390014648 0.0 0.00600000005215 
9188 40.6380004883 0.0 0.00600000005215 
9189 40.7379989624 0.0 0.00600000005215 
9190 40.8370018005 0.0 0.00600000005215 
9191 40.9370002747 0.0 0.00600000005215 
9192 41.0369987488 0.0 0.00600000005215 
9193 41.1360015869 0.0 0.00600000005215 
9194 41.3349990845 0.0 0.00600000005215 
9195 41.4350013733 0.0 0.00600000005215 
9196 41.5349998474 0.0 0.00600000005215 
9197 41.6339988708 0.0 0.00600000005215 
9198 41.7340011597 0.0 0.00600000005215 
9199 41.8339996338 0.0 0.00600000005215 
9200 41.9329986572 0.0 0.00600000005215 
9201 42.033000946 0.0 0.00600000005215 
9202 42.1319999695 0.0 0.00600000005215 
9203 42.2319984436 0.0 0.00600000005215 
9204 42.3320007324 0.0 0.00600000005215 
9205 42.4309997559 0.0 0.00600000005215 
9206 42.53099823 0.0 0.00600000005215 
9207 42.6300010681 0.0 0.00600000005215 
9208 42.7299995422 0.0 0.00600000005215 
9209 42.8300018311 0.0 0.00600000005215 
9210 42.9290008545 0.0 0.00600000005215 
9211 43.0289993286 0.0 0.00600000005215 
9212 43.1279983521 0.0 0.00600000005215 
9213 43.2280006409 0.0 0.00600000005215 
9214 43.327999115 0.0 0.00600000005215 
9215 43.4269981384 0.0 0.00600000005215 
9216 43.5270004272 0.0 0.00600000005215 
9217 43.6259994507 0.0 0.00600000005215 
9218 43.7260017395 0.0 0.00600000005215 
9219 43.8260002136 0.0 0.00600000005215 
9220 43.9249992371 0.0 0.00600000005215 
9221 44.0250015259 0.0 0.00600000005215 
9222 44.1240005493 0.0 0.00600000005215 
9223 44.2239990234 0.0 0.00600000005215 
9224 44.3240013123 0.0 0.00600000005215 
9225 44.4230003357 0.0 0.00600000005215 
9226 44.5229988098 0.0 0.00600000005215 
9227 44.6220016479 0.0 0.00600000005215 
9228 44.7220001221 0.0 0.00600000005215 
9229 44.8219985962 0.0 0.00600000005215 
9230 44.9210014343 0.0 0.00600000005215 
9231 45.0209999084 0.0 0.00600000005215 
9232 45.1199989319 0.0 0.00600000005215 
9233 45.2200012207 0.0 0.00600000005215 
9234 45.3199996948 0.0 0.00600000005215 
9235 45.4189987183 0.0 0.00600000005215 
9236 45.5190010071 0.0 0.00600000005215 
9237 45.6180000305 0.0 0.00600000005215 
9238 45.7179985046 0.0 0.00600000005215 
9239 45.8180007935 0.0 0.00600000005215 
9240 45.9169998169 0.0 0.00600000005215 
9241 46.016998291 0.0 0.00600000005215 
9242 46.1160011292 0.0 0.00600000005215 
9243 46.2159996033 0.0 0.00600000005215 
9244 46.3160018921 0.0 0.00600000005215 
9245 46.4150009155 0.0 0.00600000005215 
9246 46.5149993896 0.0 0.00600000005215 
9247 46.6139984131 0.0 0.00600000005215 
9248 46.7140007019 0.0 0.00600000005215 
9249 46.813999176 0.0 0.00600000005215 
9250 46.9129981995 0.0 0.00600000005215 
9251 47.0130004883 0.0 0.00600000005215 
9252 47.1119995117 0.0 0.00600000005215 
9253 47.2120018005 0.0 0.00600000005215 
9254 47.3120002747 0.0 0.00600000005215 
9255 47.4109992981 0.0 0.00600000005215 
9256 47.5110015869 0.0 0.00600000005215 
9257 47.6100006104 0.0 0.00600000005215 
9258 47.7099990845 0.0 0.00600000005215 
9259 47.8100013733 0.0 0.00600000005215 
9260 47.9090003967 0.0 0.00600000005215 
9261 48.0089988708 0.0 0.00600000005215 
9262 48.108001709 0.0 0.00600000005215 
9263 48.2080001831 0.0 0.00600000005215 
9264 48.3079986572 0.0 0.00600000005215 
9265 48.4070014954 0.0 0.00600000005215 
9266 48.5069999695 0.0 0.00600000005215 
9267 48.6069984436 0.0 0.00600000005215 
9268 48.7060012817 0.0 0.00600000005215 
9269 48.8059997559 0.0 0.00600000005215 
9270 48.9049987793 0.0 0.00600000005215 
9271 49.0050010681 0.0 0.00600000005215 
9272 49.1049995422 0.0 0.00600000005215 
9273 49.2039985657 0.0 0.00600000005215 
9274 49.3040008545 0.0 0.00600000005215 
9275 49.4029998779 0.0 0.00600000005215 
9276 49.5029983521 0.0 0.00600000005215 
9277 49.6030006409 0.0 0.00600000005215 
9278 49.7019996643 0.0 0.00600000005215 
9279 49.8019981384 0.0 0.00600000005215 
9280 49.9010009766 0.0 0.00600000005215 
9281 50.0009994507 0.0 0.00600000005215 
9282 50.1010017395 0.0 0.00600000005215 
9283 50.2000007629 0.0 0.00600000005215 
9284 50.2999992371 0.0 0.00600000005215 
9285 50.3989982605 0.0 0.00600000005215 
9286 50.4990005493 0.0 0.00600000005215 
9287 50.5989990234 0.0 0.00600000005215 
9288 50.6980018616 0.0 0.00600000005215 
9289 50.7980003357 0.0 0.00600000005215 
9290 50.8969993591 0.0 0.00600000005215 
9291 50.9970016479 0.0 0.00600000005215 
9292 51.0970001221 0.0 0.00600000005215 
9293 51.1959991455 0.0 0.00600000005215 
9294 51.2960014343 0.0 0.00600000005215 
9295 51.3950004578 0.0 0.00600000005215 
9296 51.4949989319 0.0 0.00600000005215 
9297 51.5950012207 0.0 0.00600000005215 
9298 51.6940002441 0.0 0.00600000005215 
9299 51.7939987183 0.0 0.00600000005215 
9300 51.8930015564 0.0 0.00600000005215 
9301 51.9930000305 0.0 0.00600000005215 
9302 52.0929985046 0.0 0.00600000005215 
9303 52.1920013428 0.0 0.00600000005215 
9304 52.2919998169 0.0 0.00600000005215 
9305 52.3909988403 0.0 0.00600000005215 
9306 52.4910011292 0.0 0.00600000005215 
9307 52.5909996033 0.0 0.00600000005215 
9308 52.6899986267 0.0 0.00600000005215 
9309 52.7900009155 0.0 0.00600000005215 
9310 52.888999939 0.0 0.00600000005215 
9311 52.9889984131 0.0 0.00600000005215 
9312 53.0890007019 0.0 0.00600000005215 
9313 53.1879997253 0.0 0.00600000005215 
9314 53.2879981995 0.0 0.00600000005215 
9315 53.3870010376 0.0 0.00600000005215 
9316 53.4869995117 0.0 0.00600000005215 
9317 53.5870018005 0.0 0.00600000005215 
9318 53.686000824 0.0 0.00600000005215 
9319 53.7859992981 0.0 0.00600000005215 
9320 53.8849983215 0.0 0.00600000005215 
9321 53.9850006104 0.0 0.00600000005215 
9322 54.0849990845 0.0 0.00600000005215 
9323 54.1839981079 0.0 0.00600000005215 
9324 54.2840003967 0.0 0.00600000005215 
9325 54.3829994202 0.0 0.00600000005215 
9326 54.483001709 0.0 0.00600000005215 
9327 54.5830001831 0.0 0.00600000005215 
9328 54.6819992065 0.0 0.00600000005215 
9329 54.7820014954 0.0 0.00600000005215 
9330 54.8819999695 0.0 0.00600000005215 
9331 54.9809989929 0.0 0.00600000005215 
9332 55.0810012817 0.0 0.00600000005215 
9333 55.1800003052 0.0 0.00600000005215 
9334 55.2799987793 0.0 0.00600000005215 
9335 55.3800010681 0.0 0.00600000005215 
9336 55.4790000916 0.0 0.00600000005215 
9337 55.5789985657 0.0 0.00600000005215 
9338 55.6780014038 0.0 0.00600000005215 
9339 55.7779998779 0.0 0.00600000005215 
9340 55.8779983521 0.0 0.00600000005215 
9341 55.9770011902 0.0 0.00600000005215 
9342 56.0769996643 0.0 0.00600000005215 
9343 56.1759986877 0.0 0.00600000005215 
9344 56.2760009766 0.0 0.00600000005215 
9345 56.3759994507 0.0 0.00600000005215 
9346 56.4749984741 0.0 0.00600000005215 
9347 56.5750007629 0.0 0.00600000005215 
9348 56.6739997864 0.0 0.00600000005215 
9349 56.7739982605 0.0 0.00600000005215 
9350 56.8740005493 0.0 0.00600000005215 
9351 56.9729995728 0.0 0.00600000005215 
9352 57.0730018616 0.0 0.00600000005215 
9353 57.172000885 0.0 0.00600000005215 
9354 57.2719993591 0.0 0.00600000005215 
9355 57.3720016479 0.0 0.00600000005215 
9356 57.4710006714 0.0 0.00600000005215 
9357 57.5709991455 0.0 0.00600000005215 
9358 57.6699981689 0.0 0.00600000005215 
9359 57.7700004578 0.0 0.00600000005215 
9360 57.8699989319 0.0 0.00600000005215 
9361 57.96900177 0.0 0.00600000005215 
9362 58.0690002441 0.0 0.00600000005215 
9363 58.1679992676 0.0 0.00600000005215 
9364 58.2680015564 0.0 0.00600000005215 
9365 58.3680000305 0.0 0.00600000005215 
9366 58.466999054 0.0 0.00600000005215 
9367 58.5670013428 0.0 0.00600000005215 
9368 58.6660003662 0.0 0.00600000005215 
9369 58.7659988403 0.0 0.00600000005215 
9370 58.8660011292 0.0 0.00600000005215 
9371 58.9650001526 0.0 0.00600000005215 
9372 59.0649986267 0.0 0.00600000005215 
9373 59.1640014648 0.0 0.00600000005215 
9374 59.263999939 0.0 0.00600000005215 
9375 59.3639984131 0.0 0.00600000005215 
9376 59.4630012512 0.0 0.00600000005215 
9377 59.5629997253 0.0 0.00600000005215 
9378 59.6619987488 0.0 0.00600000005215 
9379 59.7620010376 0.0 0.00600000005215 
9380 59.8619995117 0.0 0.00600000005215 
9381 59.9609985352 0.0 0.00600000005215 
9382 60.061000824 0.0 0.00600000005215 
9383 60.1599998474 0.0 0.00600000005215 
9384 60.2599983215 0.0 0.00600000005215 
9385 60.3600006104 0.0 0.00600000005215 
9386 60.4589996338 0.0 0.00600000005215 
9387 60.5589981079 0.0 0.00600000005215 
9388 60.658000946 0.0 0.00600000005215 
9389 60.7579994202 0.0 0.00600000005215 
9390 60.858001709 0.0 0.00600000005215 
9391 60.9570007324 0.0 0.00600000005215 
9392 61.0569992065 0.0 0.00600000005215 
9393 61.15599823 0.0 0.00600000005215 
9394 61.2560005188 0.0 0.00600000005215 
9395 61.3559989929 0.0 0.00600000005215 
9396 61.4550018311 0.0 0.00600000005215 
9397 61.5550003052 0.0 0.00600000005215 
9398 61.6539993286 0.0 0.00600000005215 
9399 61.7540016174 0.0 0.00600000005215 
9400 61.8540000916 0.0 0.00600000005215 
9401 61.952999115 0.0 0.00600000005215 
9402 62.0530014038 0.0 0.00600000005215 
9403 62.1529998779 0.0 0.00600000005215 
9404 62.2519989014 0.0 0.00600000005215 
9405 62.3520011902 0.0 0.00600000005215 
9406 62.4510002136 0.0 0.00600000005215 
9407 62.5509986877 0.0 0.00600000005215 
9408 62.6510009766 0.0 0.00600000005215 
9409 62.75 0.0 0.00600000005215 
9410 62.8499984741 0.0 0.00600000005215 
9411 62.9490013123 0.0 0.00600000005215 
9412 63.0489997864 0.0 0.00600000005215 
9413 63.1489982605 0.0 0.00600000005215 
9414 63.2480010986 0.0 0.00600000005215 
9415 63.3479995728 0.0 0.00600000005215 
9416 63.4469985962 0.0 0.00600000005215 
9417 63.547000885 0.0 0.00600000005215 
9418 63.6469993591 0.0 0.00600000005215 
9419 63.7459983826 0.0 0.00600000005215 
9420 63.8460006714 0.0 0.00600000005215 
9421 63.9449996948 0.0 0.00600000005215 
9422 64.0449981689 0.0 0.00600000005215 
9423 64.1449966431 0.0 0.00600000005215 
9424 64.2440032959 0.0 0.00600000005215 
9425 64.34400177 0.0 0.00600000005215 
9426 64.4430007935 0.0 0.00600000005215 
9427 64.5429992676 0.0 0.00600000005215 
9428 64.6429977417 0.0 0.00600000005215 
9429 64.7419967651 0.0 0.00600000005215 
9430 64.8420028687 0.0 0.00600000005215 
9431 64.9410018921 0.0 0.00600000005215 
9432 65.0410003662 0.0 0.00600000005215 
9433 65.1409988403 0.0 0.00600000005215 
9434 65.2399978638 0.0 0.00600000005215 
9435 65.3399963379 0.0 0.00600000005215 
9436 65.4390029907 0.0 0.00600000005215 
9437 65.5390014648 0.0 0.00600000005215 
9438 65.638999939 0.0 0.00600000005215 
9439 65.7379989624 0.0 0.00600000005215 
9440 65.8379974365 0.0 0.00600000005215 
9441 65.93699646 0.0 0.00600000005215 
9442 66.0370025635 0.0 0.00600000005215 
9443 66.1370010376 0.0 0.00600000005215 
9444 66.236000061 0.0 0.00600000005215 
9445 66.3359985352 0.0 0.00600000005215 
9446 66.4349975586 0.0 0.00600000005215 
9447 66.5350036621 0.0 0.00600000005215 
9448 66.6350021362 0.0 0.00600000005215 
9449 66.7340011597 0.0 0.00600000005215 
9450 66.9329986572 0.0 0.00600000005215 
9452 67.0329971313 0.0 0.00600000005215 
9453 67.2320022583 0.0 0.00600000005215 
9454 67.3320007324 0.0 0.00600000005215 
9455 67.4309997559 0.0 0.00600000005215 
9456 67.53099823 0.0 0.00600000005215 
9457 67.6309967041 0.0 0.00600000005215 
9458 67.7300033569 0.0 0.00600000005215 
9459 67.8300018311 0.0 0.00600000005215 
9460 67.9290008545 0.0 0.00600000005215 
9461 68.0289993286 0.0 0.00600000005215 
9462 68.1289978027 0.0 0.00600000005215 
9463 68.2279968262 0.0 0.00600000005215 
9464 68.3280029297 0.0 0.00600000005215 
9465 68.4270019531 0.0 0.00600000005215 
9466 68.5270004272 0.0 0.00600000005215 
9467 68.6269989014 0.0 0.00600000005215 
9468 68.7259979248 0.0 0.00600000005215 
9469 68.8259963989 0.0 0.00600000005215 
9470 68.9250030518 0.0 0.00600000005215 
9471 69.0250015259 0.0 0.00600000005215 
9472 69.125 0.0 0.00600000005215 
9473 69.2239990234 0.0 0.00600000005215 
9474 69.3239974976 0.0 0.00600000005215 
9475 69.422996521 0.0 0.00600000005215 
9476 69.5230026245 0.0 0.00600000005215 
9477 69.6230010986 0.0 0.00600000005215 
9478 69.7220001221 0.0 0.00600000005215 
9479 69.8219985962 0.0 0.00600000005215 
9480 69.9219970703 0.0 0.00600000005215 
9481 70.0210037231 0.0 0.00600000005215 
9482 70.1210021973 0.0 0.00600000005215 
9483 70.2200012207 0.0 0.00600000005215 
9484 70.3199996948 0.0 0.00600000005215 
9485 70.4199981689 0.0 0.00600000005215 
9486 70.5189971924 0.0 0.00600000005215 
9487 70.6190032959 0.0 0.00600000005215 
9488 70.7180023193 0.0 0.00600000005215 
9489 70.8180007935 0.0 0.00600000005215 
9490 70.9179992676 0.0 0.00600000005215 
9491 71.016998291 0.0 0.00600000005215 
9492 71.1169967651 0.0 0.00600000005215 
9493 71.216003418 0.0 0.00600000005215 
9494 71.3160018921 0.0 0.00600000005215 
9495 71.4160003662 0.0 0.00600000005215 
9496 71.5149993896 0.0 0.00600000005215 
9497 71.6149978638 0.0 0.00600000005215 
9498 71.7139968872 0.0 0.00600000005215 
9499 71.8140029907 0.0 0.00600000005215 
9500 71.9140014648 0.0 0.00600000005215 
9501 72.0130004883 0.0 0.00600000005215 
9502 72.1129989624 0.0 0.00600000005215 
9503 72.2119979858 0.0 0.00600000005215 
9504 72.31199646 0.0 0.00600000005215 
9505 72.4120025635 0.0 0.00600000005215 
9506 72.5110015869 0.0 0.00600000005215 
9507 72.611000061 0.0 0.00600000005215 
9508 72.7099990845 0.0 0.00600000005215 
9509 72.8099975586 0.0 0.00600000005215 
9510 72.9100036621 0.0 0.00600000005215 
9511 73.0090026855 0.0 0.00600000005215 
9512 73.1090011597 0.0 0.00600000005215 
9513 73.2080001831 0.0 0.00600000005215 
9514 73.3079986572 0.0 0.00600000005215 
9515 73.4079971313 0.0 0.00600000005215 
9516 73.5070037842 0.0 0.00600000005215 
9517 73.6070022583 0.0 0.00600000005215 
9518 73.7060012817 0.0 0.00600000005215 
9519 73.8059997559 0.0 0.00600000005215 
9520 73.90599823 0.0 0.00600000005215 
9521 74.0049972534 0.0 0.00600000005215 
9522 74.1050033569 0.0 0.00600000005215 
9523 74.2040023804 0.0 0.00600000005215 
9524 74.3040008545 0.0 0.00600000005215 
9525 74.4039993286 0.0 0.00600000005215 
9526 74.5029983521 0.0 0.00600000005215 
9527 74.6029968262 0.0 0.00600000005215 
9528 74.702003479 0.0 0.00600000005215 
9529 74.8020019531 0.0 0.00600000005215 
9530 74.9020004272 0.0 0.00600000005215 
9531 75.0009994507 0.0 0.00600000005215 
9532 75.1009979248 0.0 0.00600000005215 
9533 75.1999969482 0.0 0.00600000005215 
9534 75.3000030518 0.0 0.00600000005215 
9535 75.4000015259 0.0 0.00600000005215 
9536 75.4990005493 0.0 0.00600000005215 
9537 75.5989990234 0.0 0.00600000005215 
9538 75.6979980469 0.0 0.00600000005215 
9539 75.797996521 0.0 0.00600000005215 
9540 75.8980026245 0.0 0.00600000005215 
9541 75.9970016479 0.0 0.00600000005215 
9542 76.0970001221 0.0 0.00600000005215 
9543 76.1959991455 0.0 0.00600000005215 
9544 76.2959976196 0.0 0.00600000005215 
9545 76.3960037231 0.0 0.00600000005215 
9546 76.4950027466 0.0 0.00600000005215 
9547 76.5950012207 0.0 0.00600000005215 
9548 76.6940002441 0.0 0.00600000005215 
9549 76.7939987183 0.0 0.00600000005215 
9550 76.8939971924 0.0 0.00600000005215 
9551 76.9929962158 0.0 0.00600000005215 
9552 77.0930023193 0.0 0.00600000005215 
9553 77.1920013428 0.0 0.00600000005215 
9554 77.2919998169 0.0 0.00600000005215 
9555 77.391998291 0.0 0.00600000005215 
9556 77.4909973145 0.0 0.00600000005215 
9557 77.591003418 0.0 0.00600000005215 
9558 77.6900024414 0.0 0.00600000005215 
9559 77.7900009155 0.0 0.00600000005215 
9560 77.8899993896 0.0 0.00600000005215 
9561 77.9889984131 0.0 0.00600000005215 
9562 78.0889968872 0.0 0.00600000005215 
9563 78.18800354 0.0 0.00600000005215 
9564 78.2880020142 0.0 0.00600000005215 
9565 78.3880004883 0.0 0.00600000005215 
9566 78.4869995117 0.0 0.00600000005215 
9567 78.5869979858 0.0 0.00600000005215 
9568 78.68699646 0.0 0.00600000005215 
9569 78.7860031128 0.0 0.00600000005215 
9570 78.8860015869 0.0 0.00600000005215 
9571 78.9850006104 0.0 0.00600000005215 
9572 79.0849990845 0.0 0.00600000005215 
9573 79.1849975586 0.0 0.00600000005215 
9574 79.283996582 0.0 0.00600000005215 
9575 79.3840026855 0.0 0.00600000005215 
9576 79.483001709 0.0 0.00600000005215 
9577 79.5830001831 0.0 0.00600000005215 
9578 79.6829986572 0.0 0.00600000005215 
9579 79.7819976807 0.0 0.00600000005215 
9580 79.8820037842 0.0 0.00600000005215 
9581 79.9810028076 0.0 0.00600000005215 
9582 80.0810012817 0.0 0.00600000005215 
9583 80.1809997559 0.0 0.00600000005215 
9584 80.2799987793 0.0 0.00600000005215 
9585 80.3799972534 0.0 0.00600000005215 
9586 80.4789962769 0.0 0.00600000005215 
9587 80.5790023804 0.0 0.00600000005215 
9588 80.6790008545 0.0 0.00600000005215 
9589 80.7779998779 0.0 0.00600000005215 
9590 80.8779983521 0.0 0.00600000005215 
9591 80.9769973755 0.0 0.00600000005215 
9592 81.077003479 0.0 0.00600000005215 
9593 81.1770019531 0.0 0.00600000005215 
9594 81.2760009766 0.0 0.00600000005215 
9595 81.3759994507 0.0 0.00600000005215 
9596 81.4749984741 0.0 0.00600000005215 
9597 81.5749969482 0.0 0.00600000005215 
9598 81.6750030518 0.0 0.00600000005215 
9599 81.7740020752 0.0 0.00600000005215 
9600 81.8740005493 0.0 0.00600000005215 
9601 81.9729995728 0.0 0.00600000005215 
9602 82.0729980469 0.0 0.00600000005215 
9603 82.172996521 0.0 0.00600000005215 
9604 82.2720031738 0.0 0.00600000005215 
9605 82.3720016479 0.0 0.00600000005215 
9606 82.4710006714 0.0 0.00600000005215 
9607 82.5709991455 0.0 0.00600000005215 
9608 82.6709976196 0.0 0.00600000005215 
9609 82.7699966431 0.0 0.00600000005215 
9610 82.8700027466 0.0 0.00600000005215 
9611 82.96900177 0.0 0.00600000005215 
9612 83.0690002441 0.0 0.00600000005215 
9613 83.1689987183 0.0 0.00600000005215 
9614 83.2679977417 0.0 0.00600000005215 
9615 83.3679962158 0.0 0.00600000005215 
9616 83.4670028687 0.0 0.00600000005215 
9617 83.5670013428 0.0 0.00600000005215 
9618 83.6669998169 0.0 0.00600000005215 
9619 83.7659988403 0.0 0.00600000005215 
9620 83.8659973145 0.0 0.00600000005215 
9621 83.9649963379 0.0 0.00600000005215 
9622 84.0650024414 0.0 0.00600000005215 
9623 84.1650009155 0.0 0.00600000005215 
9624 84.263999939 0.0 0.00600000005215 
9625 84.3639984131 0.0 0.00600000005215 
9626 84.4629974365 0.0 0.00600000005215 
9627 84.56300354 0.0 0.00600000005215 
9628 84.6630020142 0.0 0.00600000005215 
9629 84.7620010376 0.0 0.00600000005215 
9630 84.8619995117 0.0 0.00600000005215 
9631 84.9609985352 0.0 0.00600000005215 
9632 85.0609970093 0.0 0.00600000005215 
9633 85.1610031128 0.0 0.00600000005215 
9634 85.2600021362 0.0 0.00600000005215 
9635 85.3600006104 0.0 0.00600000005215 
9636 85.4589996338 0.0 0.00600000005215 
9637 85.5589981079 0.0 0.00600000005215 
9638 85.658996582 0.0 0.00600000005215 
9639 85.7580032349 0.0 0.00600000005215 
9640 85.858001709 0.0 0.00600000005215 
9641 85.9570007324 0.0 0.00600000005215 
9642 86.0569992065 0.0 0.00600000005215 
9643 86.1569976807 0.0 0.00600000005215 
9644 86.2559967041 0.0 0.00600000005215 
9645 86.3560028076 0.0 0.00600000005215 
9646 86.4550018311 0.0 0.00600000005215 
9647 86.5550003052 0.0 0.00600000005215 
9648 86.6549987793 0.0 0.00600000005215 
9649 86.7539978027 0.0 0.00600000005215 
9650 86.8539962769 0.0 0.00600000005215 
9651 86.9540023804 0.0 0.00600000005215 
9652 87.0530014038 0.0 0.00600000005215 
9653 87.1529998779 0.0 0.00600000005215 
9654 87.2519989014 0.0 0.00600000005215 
9655 87.3519973755 0.0 0.00600000005215 
9656 87.452003479 0.0 0.00600000005215 
9657 87.5510025024 0.0 0.00600000005215 
9658 87.6510009766 0.0 0.00600000005215 
9659 87.75 0.0 0.00600000005215 
9660 87.8499984741 0.0 0.00600000005215 
9661 87.9499969482 0.0 0.00600000005215 
9662 88.0490036011 0.0 0.00600000005215 
9663 88.1490020752 0.0 0.00600000005215 
9664 88.2480010986 0.0 0.00600000005215 
9665 88.3479995728 0.0 0.00600000005215 
9666 88.4479980469 0.0 0.00600000005215 
9667 88.5469970703 0.0 0.00600000005215 
9668 88.6470031738 0.0 0.00600000005215 
9669 88.7460021973 0.0 0.00600000005215 
9670 88.8460006714 0.0 0.00600000005215 
9671 88.9459991455 0.0 0.00600000005215 
9672 89.0449981689 0.0 0.00600000005215 
9673 89.1449966431 0.0 0.00600000005215 
9674 89.2440032959 0.0 0.00600000005215 
9675 89.34400177 0.0 0.00600000005215 
9676 89.4440002441 0.0 0.00600000005215 
9677 89.5429992676 0.0 0.00600000005215 
9678 89.6429977417 0.0 0.00600000005215 
9679 89.7419967651 0.0 0.00600000005215 
9680 89.8420028687 0.0 0.00600000005215 
9681 89.9420013428 0.0 0.00600000005215 
9682 90.0410003662 0.0 0.00600000005215 
9683 90.1409988403 0.0 0.00600000005215 
9684 90.2399978638 0.0 0.00600000005215 
9685 90.3399963379 0.0 0.00600000005215 
9686 90.4400024414 0.0 0.00600000005215 
9687 90.5390014648 0.0 0.00600000005215 
9688 90.638999939 0.0 0.00600000005215 
9689 90.7379989624 0.0 0.00600000005215 
9690 90.8379974365 0.0 0.00600000005215 
9691 90.93800354 0.0 0.00600000005215 
9692 91.0370025635 0.0 0.00600000005215 
9693 91.1370010376 0.0 0.00600000005215 
9694 91.236000061 0.0 0.00600000005215 
9695 91.3359985352 0.0 0.00600000005215 
9696 91.4359970093 0.0 0.00600000005215 
9697 91.5350036621 0.0 0.00600000005215 
9698 91.6350021362 0.0 0.00600000005215 
9699 91.7340011597 0.0 0.00600000005215 
9700 91.8339996338 0.0 0.00600000005215 
9701 91.9339981079 0.0 0.00600000005215 
9702 92.0329971313 0.0 0.00600000005215 
9703 92.2320022583 0.0 0.00600000005215 
9704 92.3320007324 0.0 0.00600000005215 
9705 92.4319992065 0.0 0.00600000005215 
9706 92.53099823 0.0 0.00600000005215 
9707 92.6309967041 0.0 0.00600000005215 
9708 92.7300033569 0.0 0.00600000005215 
9709 92.8300018311 0.0 0.00600000005215 
9710 92.9300003052 0.0 0.00600000005215 
9711 93.0289993286 0.0 0.00600000005215 
9712 93.1289978027 0.0 0.00600000005215 
9713 93.2279968262 0.0 0.00600000005215 
9714 93.3280029297 0.0 0.00600000005215 
9715 93.4280014038 0.0 0.00600000005215 
9716 93.5270004272 0.0 0.00600000005215 
9717 93.6269989014 0.0 0.00600000005215 
9718 93.7259979248 0.0 0.00600000005215 
9719 93.8259963989 0.0 0.00600000005215 
9720 93.9260025024 0.0 0.00600000005215 
9721 94.0250015259 0.0 0.00600000005215 
9722 94.125 0.0 0.00600000005215 
9723 94.2239990234 0.0 0.00600000005215 
9724 94.3239974976 0.0 0.00600000005215 
9725 94.4240036011 0.0 0.00600000005215 
9726 94.5230026245 0.0 0.00600000005215 
9727 94.6230010986 0.0 0.00600000005215 
9728 94.7229995728 0.0 0.00600000005215 
9729 94.8219985962 0.0 0.00600000005215 
9730 94.9219970703 0.0 0.00600000005215 
9731 95.0210037231 0.0 0.00600000005215 
9732 95.1210021973 0.0 0.00600000005215 
9733 95.2210006714 0.0 0.00600000005215 
9734 95.3199996948 0.0 0.00600000005215 
9735 95.4199981689 0.0 0.00600000005215 
9736 95.5189971924 0.0 0.00600000005215 
9737 95.6190032959 0.0 0.00600000005215 
9738 95.71900177 0.0 0.00600000005215 
9739 95.8180007935 0.0 0.00600000005215 
9740 95.9179992676 0.0 0.00600000005215 
9741 96.016998291 0.0 0.00600000005215 
9742 96.1169967651 0.0 0.00600000005215 
9743 96.2170028687 0.0 0.00600000005215 
9744 96.3160018921 0.0 0.00600000005215 
9745 96.4160003662 0.0 0.00600000005215 
9746 96.5149993896 0.0 0.00600000005215 
9747 96.6149978638 0.0 0.00600000005215 
9748 96.7149963379 0.0 0.00600000005215 
9749 96.8140029907 0.0 0.00600000005215 
9750 96.9140014648 0.0 0.00600000005215 
9751 97.0130004883 0.0 0.00600000005215 
9752 97.1129989624 0.0 0.00600000005215 
9753 97.2129974365 0.0 0.00600000005215 
9754 97.31199646 0.0 0.00600000005215 
9755 97.4120025635 0.0 0.00600000005215 
9756 97.5110015869 0.0 0.00600000005215 
9757 97.611000061 0.0 0.00600000005215 
9758 97.7109985352 0.0 0.00600000005215 
9759 97.8099975586 0.0 0.00600000005215 
9760 97.9100036621 0.0 0.00600000005215 
9761 98.0090026855 0.0 0.00600000005215 
9762 98.1090011597 0.0 0.00600000005215 
9763 98.2089996338 0.0 0.00600000005215 
9764 98.3079986572 0.0 0.00600000005215 
9765 98.4079971313 0.0 0.00600000005215 
9766 98.5070037842 0.0 0.00600000005215 
9767 98.6070022583 0.0 0.00600000005215 
9768 98.7070007324 0.0 0.00600000005215 
9769 98.8059997559 0.0 0.00600000005215 
9770 98.90599823 0.0 0.00600000005215 
9771 99.0049972534 0.0 0.00600000005215 
9772 99.1050033569 0.0 0.00600000005215 
9773 99.2050018311 0.0 0.00600000005215 
9774 99.3040008545 0.0 0.00600000005215 
9775 99.4039993286 0.0 0.00600000005215 
9776 99.5029983521 0.0 0.00600000005215 
9777 99.6029968262 0.0 0.00600000005215 
9778 99.7030029297 0.0 0.00600000005215 
9779 99.8020019531 0.0 0.00600000005215 
9780 99.9020004272 0.0 0.00600000005215 
9781 100.000999451 0.0 0.00600000005215 
9782 100.100997925 0.0 0.00600000005215 
9783 100.200996399 0.0 0.00600000005215 
9784 100.300003052 0.0 0.00600000005215 
9785 100.400001526 0.0 0.00600000005215 
9786 100.499000549 0.0 0.00600000005215 
9787 100.598999023 0.0 0.00600000005215 
9788 100.698997498 0.0 0.00600000005215 
9789 100.797996521 0.0 0.00600000005215 
9790 100.898002625 0.0 0.00600000005215 
9791 100.997001648 0.0 0.00600000005215 
9792 101.097000122 0.0 0.00600000005215 
9793 101.196998596 0.0 0.00600000005215 
9794 101.29599762 0.0 0.00600000005215 
9795 101.396003723 0.0 0.00600000005215 
9796 101.495002747 0.0 0.00600000005215 
9797 101.595001221 0.0 0.00600000005215 
9798 101.694999695 0.0 0.00600000005215 
9799 101.793998718 0.0 0.00600000005215 
9800 101.893997192 0.0 0.00600000005215 
9801 101.992996216 0.0 0.00600000005215 
9802 102.093002319 0.0 0.00600000005215 
9803 102.193000793 0.0 0.00600000005215 
9804 102.291999817 0.0 0.00600000005215 
9805 102.391998291 0.0 0.00600000005215 
9806 102.490997314 0.0 0.00600000005215 
9807 102.591003418 0.0 0.00600000005215 
9808 102.691001892 0.0 0.00600000005215 
9809 102.790000916 0.0 0.00600000005215 
9810 102.88999939 0.0 0.00600000005215 
9811 102.989997864 0.0 0.00600000005215 
9812 103.088996887 0.0 0.00600000005215 
9813 103.189002991 0.0 0.00600000005215 
9814 103.288002014 0.0 0.00600000005215 
9815 103.388000488 0.0 0.00600000005215 
9816 103.487998962 0.0 0.00600000005215 
9817 103.586997986 0.0 0.00600000005215 
9818 103.68699646 0.0 0.00600000005215 
9819 103.786003113 0.0 0.00600000005215 
9820 103.886001587 0.0 0.00600000005215 
9821 103.986000061 0.0 0.00600000005215 
9822 104.084999084 0.0 0.00600000005215 
9823 104.184997559 0.0 0.00600000005215 
9824 104.283996582 0.0 0.00600000005215 
9825 104.384002686 0.0 0.00600000005215 
9826 104.48400116 0.0 0.00600000005215 
9827 104.583000183 0.0 0.00600000005215 
9828 104.682998657 0.0 0.00600000005215 
9829 104.781997681 0.0 0.00600000005215 
9830 104.882003784 0.0 0.00600000005215 
9831 104.982002258 0.0 0.00600000005215 
9832 105.081001282 0.0 0.00600000005215 
9833 105.180999756 0.0 0.00600000005215 
9834 105.279998779 0.0 0.00600000005215 
9835 105.379997253 0.0 0.00600000005215 
9836 105.480003357 0.0 0.00600000005215 
9837 105.57900238 0.0 0.00600000005215 
9838 105.679000854 0.0 0.00600000005215 
9839 105.777999878 0.0 0.00600000005215 
9840 105.877998352 0.0 0.00600000005215 
9841 105.977996826 0.0 0.00600000005215 
9842 106.077003479 0.0 0.00600000005215 
9843 106.177001953 0.0 0.00600000005215 
9844 106.276000977 0.0 0.00600000005215 
9845 106.375999451 0.0 0.00600000005215 
9846 106.475997925 0.0 0.00600000005215 
9847 106.574996948 0.0 0.00600000005215 
9848 106.675003052 0.0 0.00600000005215 
9849 106.774002075 0.0 0.00600000005215 
9850 106.874000549 0.0 0.00600000005215 
9851 106.973999023 0.0 0.00600000005215 
9852 107.072998047 0.0 0.00600000005215 
9853 107.172996521 0.0 0.00600000005215 
9854 107.272003174 0.0 0.00600000005215 
9855 107.372001648 0.0 0.00600000005215 
9856 107.472000122 0.0 0.00600000005215 
9857 107.570999146 0.0 0.00600000005215 
9858 107.67099762 0.0 0.00600000005215 
9859 107.769996643 0.0 0.00600000005215 
9860 107.870002747 0.0 0.00600000005215 
9861 107.970001221 0.0 0.00600000005215 
9862 108.069000244 0.0 0.00600000005215 
9863 108.168998718 0.0 0.00600000005215 
9864 108.267997742 0.0 0.00600000005215 
9865 108.367996216 0.0 0.00600000005215 
9866 108.468002319 0.0 0.00600000005215 
9867 108.567001343 0.0 0.00600000005215 
9868 108.666999817 0.0 0.00600000005215 
9869 108.76599884 0.0 0.00600000005215 
9870 108.865997314 0.0 0.00600000005215 
9871 108.966003418 0.0 0.00600000005215 
9872 109.065002441 0.0 0.00600000005215 
9873 109.165000916 0.0 0.00600000005215 
9874 109.263999939 0.0 0.00600000005215 
9875 109.363998413 0.0 0.00600000005215 
9876 109.463996887 0.0 0.00600000005215 
9877 109.56300354 0.0 0.00600000005215 
9878 109.663002014 0.0 0.00600000005215 
9879 109.762001038 0.0 0.00600000005215 
9880 109.861999512 0.0 0.00600000005215 
9881 109.961997986 0.0 0.00600000005215 
9882 110.060997009 0.0 0.00600000005215 
9883 110.161003113 0.0 0.00600000005215 
9884 110.261001587 0.0 0.00600000005215 
9885 110.36000061 0.0 0.00600000005215 
9886 110.459999084 0.0 0.00600000005215 
9887 110.558998108 0.0 0.00600000005215 
9888 110.658996582 0.0 0.00600000005215 
9889 110.759002686 0.0 0.00600000005215 
9890 110.858001709 0.0 0.00600000005215 
9891 110.958000183 0.0 0.00600000005215 
9892 111.056999207 0.0 0.00600000005215 
9893 111.156997681 0.0 0.00600000005215 
9894 111.257003784 0.0 0.00600000005215 
9895 111.356002808 0.0 0.00600000005215 
9896 111.456001282 0.0 0.00600000005215 
9897 111.555000305 0.0 0.00600000005215 
9898 111.654998779 0.0 0.00600000005215 
9899 111.754997253 0.0 0.00600000005215 
9900 111.853996277 0.0 0.00600000005215 
9901 111.95400238 0.0 0.00600000005215 
9902 112.053001404 0.0 0.00600000005215 
9903 112.152999878 0.0 0.00600000005215 
9904 112.252998352 0.0 0.00600000005215 
9905 112.351997375 0.0 0.00600000005215 
9906 112.452003479 0.0 0.00600000005215 
9907 112.551002502 0.0 0.00600000005215 
9908 112.651000977 0.0 0.00600000005215 
9909 112.750999451 0.0 0.00600000005215 
9910 112.849998474 0.0 0.00600000005215 
9911 112.949996948 0.0 0.00600000005215 
9912 113.049003601 0.0 0.00600000005215 
9913 113.149002075 0.0 0.00600000005215 
9914 113.249000549 0.0 0.00600000005215 
9915 113.347999573 0.0 0.00600000005215 
9916 113.447998047 0.0 0.00600000005215 
